           1  -3.8799932459003192E-003  -3.7392842080461015E-003       
           2  -3.3801142798661958E-003  -2.9738637072360967E-003       
           3  -5.6300065990646806E-003  -5.6571422814108291E-003       
           4  -5.1451111875389028E-003  -5.6061528982598073E-003       
           5  -6.8187521564640656E-003  -6.8429811930823519E-003   

0.77097816707860767       0.88385518714672828    
0.88337257593343255
0.66264518919752713       0.66163443475354600
0.62763890162042002
0.52933818937690469       0.53802792028367974
